GroundedSAM2 Results:
invalid value encountered in divide
precision PrecisionResult:
Metric target:    MetricTarget.BOXES
Averaging method: AveragingMethod.WEIGHTED
P @ 50:     0.0176
P @ 75:     0.0028
P @ thresh: [0.01763904 0.01155947 0.00874254 0.00541967 0.00405983 0.00276722
 0.00241548 0.00215168 0.0002638  0.        ]
IoU thresh: [0.5  0.55 0.6  0.65 0.7  0.75 0.8  0.85 0.9  0.95]
Precision per class:
  0: [0.00429185 0.00214592 0.         0.         0.         0.
 0.         0.         0.         0.        ]
  1: [0. 0. 0. 0. 0. 0. 0. 0. 0. 0.]
  2: [0.02542373 0.02421308 0.02058111 0.01694915 0.0157385  0.0157385
 0.01089588 0.00726392 0.00363196 0.        ]
  3: [0.01954397 0.01628664 0.01411509 0.00977199 0.00542888 0.00108578
 0.00108578 0.00108578 0.         0.        ]
  4: [0.00823045 0.00548697 0.00548697 0.00274348 0.         0.
 0.         0.         0.         0.        ]
  5: [0.00328947 0.00328947 0.00328947 0.         0.         0.
 0.         0.         0.         0.        ]
  6: [0.00338983 0.00338983 0.         0.         0.         0.
 0.         0.         0.         0.        ]
  7: [0. 0. 0. 0. 0. 0. 0. 0. 0. 0.]
  8: [0.06 0.03 0.02 0.01 0.01 0.01 0.01 0.01 0.   0.  ]
  9: [0.01209677 0.01209677 0.00806452 0.00806452 0.00806452 0.
 0.         0.         0.         0.        ]

Small objects:
  PrecisionResult:
  Metric target:    MetricTarget.BOXES
  Averaging method: AveragingMethod.WEIGHTED
  P @ 50:     0.4615
  P @ 75:     0.0000
  P @ thresh: [0.46153846 0.46153846 0.46153846 0.         0.         0.
   0.         0.         0.         0.        ]
  IoU thresh: [0.5  0.55 0.6  0.65 0.7  0.75 0.8  0.85 0.9  0.95]
  Precision per class:
    4: [0. 0. 0. 0. 0. 0. 0. 0. 0. 0.]
    5: [0. 0. 0. 0. 0. 0. 0. 0. 0. 0.]
    6: [0. 0. 0. 0. 0. 0. 0. 0. 0. 0.]
    8: [1. 1. 1. 0. 0. 0. 0. 0. 0. 0.]
    9: [0. 0. 0. 0. 0. 0. 0. 0. 0. 0.]
  
Medium objects:
  PrecisionResult:
  Metric target:    MetricTarget.BOXES
  Averaging method: AveragingMethod.WEIGHTED
  P @ 50:     0.0064
  P @ 75:     0.0003
  P @ thresh: [0.00639538 0.00577768 0.00515997 0.00277968 0.00154427 0.00030885
   0.00030885 0.00030885 0.         0.        ]
  IoU thresh: [0.5  0.55 0.6  0.65 0.7  0.75 0.8  0.85 0.9  0.95]
  Precision per class:
    0: [0. 0. 0. 0. 0. 0. 0. 0. 0. 0.]
    1: [0. 0. 0. 0. 0. 0. 0. 0. 0. 0.]
    2: [0. 0. 0. 0. 0. 0. 0. 0. 0. 0.]
    3: [0.05135952 0.04531722 0.03927492 0.02719033 0.01510574 0.00302115
   0.00302115 0.00302115 0.         0.        ]
    4: [0. 0. 0. 0. 0. 0. 0. 0. 0. 0.]
    5: [0.00724638 0.00724638 0.00724638 0.         0.         0.
   0.         0.         0.         0.        ]
    6: [0. 0. 0. 0. 0. 0. 0. 0. 0. 0.]
    8: [0. 0. 0. 0. 0. 0. 0. 0. 0. 0.]
  
Large objects:
  PrecisionResult:
  Metric target:    MetricTarget.BOXES
  Averaging method: AveragingMethod.WEIGHTED
  P @ 50:     0.0368
  P @ 75:     0.0138
  P @ thresh: [0.03676419 0.03492001 0.02071211 0.01877552 0.01712507 0.01376462
   0.01319236 0.01276316 0.0004292  0.        ]
  IoU thresh: [0.5  0.55 0.6  0.65 0.7  0.75 0.8  0.85 0.9  0.95]
  Precision per class:
    0: [0.00561798 0.00280899 0.         0.         0.         0.
   0.         0.         0.         0.        ]
    1: [0. 0. 0. 0. 0. 0. 0. 0. 0. 0.]
    2: [0.03296703 0.03139717 0.0266876  0.02197802 0.02040816 0.02040816
   0.01412873 0.00941915 0.00470958 0.        ]
    3: [0. 0. 0. 0. 0. 0. 0. 0. 0. 0.]
    4: [0.012 0.008 0.008 0.004 0.    0.    0.    0.    0.    0.   ]
    5: [0. 0. 0. 0. 0. 0. 0. 0. 0. 0.]
    6: [0. 0. 0. 0. 0. 0. 0. 0. 0. 0.]
    7: [0. 0. 0. 0. 0. 0. 0. 0. 0. 0.]
    8: [0.16666667 0.16666667 0.08333333 0.08333333 0.08333333 0.08333333
   0.08333333 0.08333333 0.         0.        ]
    9: [0.02325581 0.02325581 0.01550388 0.01550388 0.01550388 0.
   0.         0.         0.         0.        ]
  
recall RecallResult:
Metric target:    MetricTarget.BOXES
Averaging method: AveragingMethod.WEIGHTED
R @ 50:     0.0426
R @ 75:     0.0110
R @ thresh: [0.04255319 0.03521643 0.02861335 0.02054292 0.01540719 0.01100514
 0.00807043 0.00586941 0.00220103 0.        ]
IoU thresh: [0.5  0.55 0.6  0.65 0.7  0.75 0.8  0.85 0.9  0.95]
Recall per class:
  0: [0.03389831 0.01694915 0.         0.         0.         0.
 0.         0.         0.         0.        ]
  1: [0. 0. 0. 0. 0. 0. 0. 0. 0. 0.]
  2: [0.21212121 0.2020202  0.17171717 0.14141414 0.13131313 0.13131313
 0.09090909 0.06060606 0.03030303 0.        ]
  3: [0.23376623 0.19480519 0.16883117 0.11688312 0.06493506 0.01298701
 0.01298701 0.01298701 0.         0.        ]
  4: [0.01176471 0.00784314 0.00784314 0.00392157 0.         0.
 0.         0.         0.         0.        ]
  5: [0.01075269 0.01075269 0.01075269 0.         0.         0.
 0.         0.         0.         0.        ]
  6: [0.00990099 0.00990099 0.         0.         0.         0.
 0.         0.         0.         0.        ]
  7: [0. 0. 0. 0. 0. 0. 0. 0. 0. 0.]
  8: [0.02816901 0.01408451 0.00938967 0.00469484 0.00469484 0.00469484
 0.00469484 0.00469484 0.         0.        ]
  9: [0.01694915 0.01694915 0.01129944 0.01129944 0.01129944 0.
 0.         0.         0.         0.        ]

Small objects:
  RecallResult:
  Metric target:    MetricTarget.BOXES
  Averaging method: AveragingMethod.WEIGHTED
  R @ 50:     0.0769
  R @ 75:     0.0000
  R @ thresh: [0.07692308 0.07692308 0.07692308 0.         0.         0.
   0.         0.         0.         0.        ]
  IoU thresh: [0.5  0.55 0.6  0.65 0.7  0.75 0.8  0.85 0.9  0.95]
  Recall per class:
    4: [0. 0. 0. 0. 0. 0. 0. 0. 0. 0.]
    5: [0. 0. 0. 0. 0. 0. 0. 0. 0. 0.]
    6: [0. 0. 0. 0. 0. 0. 0. 0. 0. 0.]
    8: [0.16666667 0.16666667 0.16666667 0.         0.         0.
   0.         0.         0.         0.        ]
    9: [0. 0. 0. 0. 0. 0. 0. 0. 0. 0.]
  
Medium objects:
  RecallResult:
  Metric target:    MetricTarget.BOXES
  Averaging method: AveragingMethod.WEIGHTED
  R @ 50:     0.0335
  R @ 75:     0.0019
  R @ thresh: [0.03345725 0.02973978 0.0260223  0.01672862 0.00929368 0.00185874
   0.00185874 0.00185874 0.         0.        ]
  IoU thresh: [0.5  0.55 0.6  0.65 0.7  0.75 0.8  0.85 0.9  0.95]
  Recall per class:
    0: [0. 0. 0. 0. 0. 0. 0. 0. 0. 0.]
    1: [0. 0. 0. 0. 0. 0. 0. 0. 0. 0.]
    2: [0. 0. 0. 0. 0. 0. 0. 0. 0. 0.]
    3: [0.30909091 0.27272727 0.23636364 0.16363636 0.09090909 0.01818182
   0.01818182 0.01818182 0.         0.        ]
    4: [0. 0. 0. 0. 0. 0. 0. 0. 0. 0.]
    5: [0.01176471 0.01176471 0.01176471 0.         0.         0.
   0.         0.         0.         0.        ]
    6: [0. 0. 0. 0. 0. 0. 0. 0. 0. 0.]
    8: [0. 0. 0. 0. 0. 0. 0. 0. 0. 0.]
  
Large objects:
  RecallResult:
  Metric target:    MetricTarget.BOXES
  Averaging method: AveragingMethod.WEIGHTED
  R @ 50:     0.0419
  R @ 75:     0.0172
  R @ thresh: [0.04187192 0.03694581 0.02955665 0.02339901 0.01970443 0.01724138
   0.01231527 0.00862069 0.00369458 0.        ]
  IoU thresh: [0.5  0.55 0.6  0.65 0.7  0.75 0.8  0.85 0.9  0.95]
  Recall per class:
    0: [0.03571429 0.01785714 0.         0.         0.         0.
   0.         0.         0.         0.        ]
    1: [0. 0. 0. 0. 0. 0. 0. 0. 0. 0.]
    2: [0.28378378 0.27027027 0.22972973 0.18918919 0.17567568 0.17567568
   0.12162162 0.08108108 0.04054054 0.        ]
    3: [0. 0. 0. 0. 0. 0. 0. 0. 0. 0.]
    4: [0.01960784 0.0130719  0.0130719  0.00653595 0.         0.
   0.         0.         0.         0.        ]
    5: [0. 0. 0. 0. 0. 0. 0. 0. 0. 0.]
    6: [0. 0. 0. 0. 0. 0. 0. 0. 0. 0.]
    7: [0. 0. 0. 0. 0. 0. 0. 0. 0. 0.]
    8: [0.01724138 0.01724138 0.00862069 0.00862069 0.00862069 0.00862069
   0.00862069 0.00862069 0.         0.        ]
    9: [0.01704545 0.01704545 0.01136364 0.01136364 0.01136364 0.
   0.         0.         0.         0.        ]
  
f1 F1ScoreResult:
Metric target: MetricTarget.BOXES
Averaging method: AveragingMethod.WEIGHTED
F1 @ 50:     0.0178
F1 @ 75:     0.0032
F1 @ thresh: [0.01783217 0.01296695 0.01012058 0.00664632 0.00482843 0.00315336
 0.00252518 0.00205404 0.00047114 0.        ]
IoU thresh:  [0.5  0.55 0.6  0.65 0.7  0.75 0.8  0.85 0.9  0.95]
F1 per class:
  0: [0.00761905 0.00380952 0.         0.         0.         0.
 0.         0.         0.         0.        ]
  1: [0. 0. 0. 0. 0. 0. 0. 0. 0. 0.]
  2: [0.04540541 0.04324324 0.03675676 0.03027027 0.02810811 0.02810811
 0.01945946 0.01297297 0.00648649 0.        ]
  3: [0.03607214 0.03006012 0.0260521  0.01803607 0.01002004 0.00200401
 0.00200401 0.00200401 0.         0.        ]
  4: [0.00968523 0.00645682 0.00645682 0.00322841 0.         0.
 0.         0.         0.         0.        ]
  5: [0.00503778 0.00503778 0.00503778 0.         0.         0.
 0.         0.         0.         0.        ]
  6: [0.00505051 0.00505051 0.         0.         0.         0.
 0.         0.         0.         0.        ]
  7: [0. 0. 0. 0. 0. 0. 0. 0. 0. 0.]
  8: [0.03833866 0.01916933 0.01277955 0.00638978 0.00638978 0.00638978
 0.00638978 0.00638978 0.         0.        ]
  9: [0.01411765 0.01411765 0.00941176 0.00941176 0.00941176 0.
 0.         0.         0.         0.        ]

Small objects:
  F1ScoreResult:
  Metric target: MetricTarget.BOXES
  Averaging method: AveragingMethod.WEIGHTED
  F1 @ 50:     0.1319
  F1 @ 75:     0.0000
  F1 @ thresh: [0.13186813 0.13186813 0.13186813 0.         0.         0.
   0.         0.         0.         0.        ]
  IoU thresh:  [0.5  0.55 0.6  0.65 0.7  0.75 0.8  0.85 0.9  0.95]
  F1 per class:
    4: [0. 0. 0. 0. 0. 0. 0. 0. 0. 0.]
    5: [0. 0. 0. 0. 0. 0. 0. 0. 0. 0.]
    6: [0. 0. 0. 0. 0. 0. 0. 0. 0. 0.]
    8: [0.28571429 0.28571429 0.28571429 0.         0.         0.
   0.         0.         0.         0.        ]
    9: [0. 0. 0. 0. 0. 0. 0. 0. 0. 0.]
  
Medium objects:
  F1ScoreResult:
  Metric target: MetricTarget.BOXES
  Averaging method: AveragingMethod.WEIGHTED
  F1 @ 50:     0.0104
  F1 @ 75:     0.0005
  F1 @ thresh: [0.01042173 0.00936235 0.00830296 0.00476722 0.00264846 0.00052969
   0.00052969 0.00052969 0.         0.        ]
  IoU thresh:  [0.5  0.55 0.6  0.65 0.7  0.75 0.8  0.85 0.9  0.95]
  F1 per class:
    0: [0. 0. 0. 0. 0. 0. 0. 0. 0. 0.]
    1: [0. 0. 0. 0. 0. 0. 0. 0. 0. 0.]
    2: [0. 0. 0. 0. 0. 0. 0. 0. 0. 0.]
    3: [0.0880829  0.07772021 0.06735751 0.04663212 0.02590674 0.00518135
   0.00518135 0.00518135 0.         0.        ]
    4: [0. 0. 0. 0. 0. 0. 0. 0. 0. 0.]
    5: [0.00896861 0.00896861 0.00896861 0.         0.         0.
   0.         0.         0.         0.        ]
    6: [0. 0. 0. 0. 0. 0. 0. 0. 0. 0.]
    8: [0. 0. 0. 0. 0. 0. 0. 0. 0. 0.]
  
Large objects:
  F1ScoreResult:
  Metric target: MetricTarget.BOXES
  Averaging method: AveragingMethod.WEIGHTED
  F1 @ 50:     0.0204
  F1 @ 75:     0.0056
  F1 @ thresh: [0.02039178 0.01793043 0.01317315 0.01053388 0.00840732 0.00556471
   0.00453931 0.00377025 0.00076905 0.        ]
  IoU thresh:  [0.5  0.55 0.6  0.65 0.7  0.75 0.8  0.85 0.9  0.95]
  F1 per class:
    0: [0.00970874 0.00485437 0.         0.         0.         0.
   0.         0.         0.         0.        ]
    1: [0. 0. 0. 0. 0. 0. 0. 0. 0. 0.]
    2: [0.05907173 0.05625879 0.04781997 0.03938115 0.03656821 0.03656821
   0.02531646 0.01687764 0.00843882 0.        ]
    3: [0. 0. 0. 0. 0. 0. 0. 0. 0. 0.]
    4: [0.01488834 0.00992556 0.00992556 0.00496278 0.         0.
   0.         0.         0.         0.        ]
    5: [0. 0. 0. 0. 0. 0. 0. 0. 0. 0.]
    6: [0. 0. 0. 0. 0. 0. 0. 0. 0. 0.]
    7: [0. 0. 0. 0. 0. 0. 0. 0. 0. 0.]
    8: [0.03125  0.03125  0.015625 0.015625 0.015625 0.015625 0.015625 0.015625
   0.       0.      ]
    9: [0.01967213 0.01967213 0.01311475 0.01311475 0.01311475 0.
   0.         0.         0.         0.        ]
  
Finished evaluation of GroundedSAM2